0.536644 -0.961346 0.336931 -1.000000 0.175871 -0.942019 0.085678 -0.748747 0.047024 -0.574803 0.027697 -0.368647 0.027697 -0.188261 0.027697 0.030780 0.008370 0.211167 -0.062497 0.423765 -0.165575 0.584825 -0.320192 0.584825 -0.403943 0.404438 -0.416827 0.198282 -0.352404 0.017895 -0.210671 -0.046528 -0.068939 0.101646 0.072793 0.217609 0.214526 0.340014 0.356258 0.468862 10000
1.000000 -0.852733 0.787196 -0.852733 0.596407 -0.852733 0.486336 -0.735324 0.383603 -0.566549 0.302885 -0.383097 0.185476 -0.184970 0.097419 -0.060223 -0.042004 0.115891 -0.188765 0.255314 -0.342864 0.350709 -0.526316 0.431427 -0.577682 0.306680 -0.577682 0.093877 -0.438259 0.071862 -0.240132 0.181933 -0.078694 0.306680 0.031377 0.409413 0.200152 0.578188 0.332237 0.695597 10000
0.972453 -0.929980 0.736134 -0.982495 0.561083 -0.912475 0.394785 -0.711166 0.289755 -0.571126 0.140962 -0.343560 0.053437 -0.177262 -0.042841 0.041552 -0.165377 0.242860 -0.322922 0.452921 -0.471715 0.619219 -0.559241 0.601714 -0.559241 0.374148 -0.559241 0.102819 -0.471715 -0.037221 -0.261655 0.067809 -0.104109 0.207850 0.097199 0.321633 0.307260 0.365395 0.543578 0.391653 10000
0.984412 -0.740121 0.860379 -0.923217 0.653656 -1.000000 0.476466 -0.893686 0.358339 -0.751933 0.222493 -0.551117 0.110272 -0.362114 0.009864 -0.143579 -0.066918 0.033611 -0.173233 0.222615 -0.332704 0.417524 -0.486269 0.512026 -0.568958 0.334835 -0.580771 0.098581 -0.427206 0.051330 -0.261828 0.181270 -0.096450 0.364367 0.057115 0.535651 0.204774 0.606527 0.441028 0.594715 10000
0.659382 -1.000000 0.450490 -0.974680 0.304898 -0.822758 0.241598 -0.670836 0.178297 -0.480934 0.121326 -0.246722 0.064356 -0.031500 0.007385 0.114092 -0.093896 0.291334 -0.220497 0.449586 -0.423060 0.550867 -0.524341 0.398945 -0.530671 0.196383 -0.454710 -0.012509 -0.321778 -0.132781 -0.138206 -0.145441 0.083346 -0.056820 0.209947 0.057121 0.298568 0.240693 0.475810 0.329314 10000
0.755908 -1.000000 0.547090 -0.856437 0.403527 -0.693298 0.299118 -0.464903 0.227337 -0.210406 0.188183 0.063668 0.090300 0.259436 -0.138095 0.292063 -0.457848 0.246384 -0.588360 0.200705 -0.836332 0.076720 -0.836332 -0.105996 -0.627513 -0.066843 -0.399118 0.017989 -0.125044 0.161552 0.018519 0.246384 0.286067 0.435626 0.520988 0.605291 0.710229 0.748854 0.879894 0.859788 10000
1.000000 -0.793054 0.760733 -0.793054 0.551375 -0.793054 0.319585 -0.785576 0.192475 -0.636035 0.117704 -0.396768 0.050410 -0.217318 -0.031838 -0.000482 -0.166425 0.208876 -0.286059 0.365895 -0.495417 0.448143 -0.607574 0.276170 -0.674867 0.059334 -0.600096 -0.075253 -0.368307 -0.075253 -0.106609 -0.007959 0.072841 0.036903 0.342016 0.119151 0.499035 0.156536 0.671008 0.231307 10000
1.000000 -0.676352 0.824322 -0.724264 0.624687 -0.668366 0.488936 -0.604483 0.345199 -0.484703 0.249375 -0.340966 0.161536 -0.189244 0.097652 -0.037522 -0.006157 0.130171 -0.133923 0.249952 -0.309602 0.297864 -0.477295 0.225996 -0.613046 0.090244 -0.581104 -0.013566 -0.365499 -0.005580 -0.221763 0.034347 -0.030114 0.114201 0.113623 0.218010 0.209448 0.321820 0.353185 0.449586 10000
0.854217 -1.000000 0.668470 -0.958723 0.496483 -0.848651 0.345134 -0.711061 0.262580 -0.587230 0.186906 -0.346448 0.159388 -0.188220 0.124990 0.011285 0.090593 0.203911 -0.019479 0.348381 -0.184587 0.451573 -0.384092 0.444694 -0.535441 0.369019 -0.624874 0.183273 -0.494164 0.045683 -0.342815 0.011285 -0.170828 0.045683 0.063075 0.141996 0.221303 0.210791 0.386411 0.279586 10000
0.564063 -0.977496 0.436541 -0.947491 0.354027 -0.834972 0.279014 -0.669943 0.241507 -0.534920 0.196499 -0.332385 0.181497 -0.197362 0.128988 -0.039834 0.061476 0.087688 -0.028539 0.230212 -0.133558 0.357734 -0.283583 0.507760 -0.381100 0.500259 -0.433609 0.335230 -0.381100 0.207708 -0.208570 0.162700 -0.043542 0.162700 0.121486 0.170202 0.279014 0.177703 0.421538 0.162700 10000
1.000000 -0.597686 0.834016 -0.658044 0.622764 -0.733491 0.434145 -0.808939 0.275706 -0.703312 0.170080 -0.559963 0.079543 -0.393979 0.011640 -0.190271 -0.056262 -0.024287 -0.124165 0.194510 -0.169433 0.368039 -0.290149 0.518934 -0.456133 0.451031 -0.539125 0.269958 -0.448588 0.111518 -0.275059 0.073795 -0.078896 0.149242 0.117267 0.224689 0.260617 0.277502 0.449235 0.352950 10000
1.000000 -0.836784 0.839069 -0.843781 0.657147 -0.794802 0.559189 -0.668856 0.454234 -0.479937 0.363273 -0.346994 0.251321 -0.200057 0.125375 -0.060117 -0.021562 0.093817 -0.105526 0.170784 -0.259460 0.310724 -0.413394 0.429673 -0.525346 0.394688 -0.574325 0.205769 -0.483364 0.072826 -0.336427 0.093817 -0.154505 0.212766 -0.000571 0.324718 0.111381 0.429673 0.209339 0.569613 10000
1.000000 -0.892857 0.787233 -0.948019 0.637507 -0.814054 0.503543 -0.656449 0.330176 -0.435801 0.219853 -0.301836 0.078008 -0.096949 -0.079598 0.155220 -0.189922 0.336466 -0.308126 0.533473 -0.457851 0.628036 -0.513013 0.360107 -0.520894 0.147340 -0.536654 -0.065428 -0.355408 -0.096949 -0.095359 -0.002386 0.085888 0.076417 0.259254 0.194621 0.456261 0.344346 0.653268 0.462551 10000
0.901464 -0.907792 0.717049 -1.000000 0.431206 -0.935455 0.292895 -0.787923 0.136142 -0.502079 0.043934 -0.290002 -0.048273 -0.022600 -0.085156 0.207919 -0.186585 0.502983 -0.315675 0.696619 -0.509311 0.650515 -0.656843 0.429217 -0.730609 0.161815 -0.656843 -0.096366 -0.453987 -0.105587 -0.232688 0.060387 0.043934 0.235581 0.246791 0.355451 0.440427 0.484542 0.680166 0.595191 10000
0.954440 -0.786888 0.794606 -0.911203 0.545975 -1.000000 0.395021 -0.849046 0.315104 -0.627054 0.235187 -0.431701 0.155270 -0.245228 0.057593 -0.032116 -0.075602 0.198755 -0.191037 0.367469 -0.341992 0.580581 -0.546224 0.562822 -0.608382 0.340830 -0.617261 0.127718 -0.519585 -0.058755 -0.288714 -0.032116 -0.075602 0.101079 0.119751 0.225394 0.297344 0.296432 0.474938 0.420747 10000
1.000000 -0.935196 0.831833 -0.943605 0.655257 -0.859521 0.495499 -0.716579 0.352556 -0.514778 0.260065 -0.346611 0.167573 -0.186852 0.066672 -0.027094 -0.051045 0.115848 -0.185578 0.258791 -0.328520 0.342874 -0.471463 0.199932 -0.530321 0.031765 -0.463054 -0.094360 -0.294887 0.006540 -0.118312 0.090623 0.066672 0.199932 0.226431 0.292424 0.386190 0.410141 0.537540 0.519450 10000
1.000000 -0.609542 0.848809 -0.707816 0.659820 -0.647340 0.493510 -0.518828 0.387677 -0.390315 0.213807 -0.178648 0.092854 -0.035016 -0.020539 0.093496 -0.171730 0.259806 -0.338040 0.395878 -0.504350 0.463914 -0.617744 0.342961 -0.617744 0.108615 -0.549708 -0.050136 -0.390957 -0.193767 -0.209528 -0.193767 -0.050777 -0.087933 0.130652 0.040579 0.266724 0.176651 0.425474 0.282485 10000
1.000000 -0.741327 0.745506 -0.769605 0.519289 -0.703625 0.340200 -0.524536 0.264794 -0.364299 0.161112 -0.128656 0.076280 0.059858 -0.046254 0.267224 -0.244194 0.436887 -0.442134 0.493441 -0.592945 0.352055 -0.602371 0.154115 -0.592945 -0.109805 -0.442134 -0.298319 -0.263045 -0.383150 -0.083957 -0.288893 0.113983 -0.128656 0.283646 0.088135 0.434457 0.238947 0.613546 0.352055 10000
1.000000 -0.736474 0.818198 -0.781925 0.718206 -0.627393 0.600035 -0.463771 0.463683 -0.309239 0.309151 -0.172887 0.136439 -0.036535 0.027358 0.045276 -0.154445 0.199808 -0.299886 0.308889 -0.454418 0.399790 -0.608950 0.381610 -0.618040 0.190718 -0.563500 -0.018355 -0.399878 -0.091076 -0.245346 -0.036535 -0.054453 0.054366 0.054628 0.208898 0.172800 0.345250 0.354602 0.436151 10000
0.988901 -0.803350 0.889012 -0.980930 0.622642 -0.947634 0.445061 -0.770053 0.322974 -0.525880 0.245283 -0.359399 0.089900 -0.115226 -0.076582 0.128948 -0.209767 0.295429 -0.365150 0.495207 -0.520533 0.672788 -0.675916 0.484109 -0.753607 0.251034 -0.631521 0.029059 -0.431743 -0.137423 -0.231964 -0.159621 -0.065483 0.029059 0.112098 0.251034 0.256382 0.439713 0.467259 0.528504 10000
-0.517763 1.000000 -0.495671 0.749627 -0.488307 0.565529 -0.480943 0.315156 -0.444124 0.123694 -0.377849 -0.097224 -0.289482 -0.332869 -0.201115 -0.531695 -0.039108 -0.671609 0.174445 -0.642153 0.395363 -0.546423 0.439546 -0.377052 0.402727 -0.156135 0.189173 -0.104588 -0.039108 -0.097224 0.093442 0.020599 0.255448 0.138422 0.130262 0.300428 -0.075928 0.381431 -0.289482 0.432978 01000
-0.285775 1.000000 -0.268965 0.798277 -0.268965 0.554527 -0.268965 0.335994 -0.268965 0.134270 -0.294180 -0.050643 -0.344611 -0.302797 -0.310990 -0.504520 -0.184913 -0.655813 0.033621 -0.697839 0.226939 -0.596977 0.327801 -0.395254 0.285775 -0.218746 0.126077 -0.092668 -0.084051 0.016598 0.058836 0.100650 0.193318 0.226727 0.159698 0.428450 -0.025215 0.462071 -0.226939 0.537717 01000
-0.586450 1.000000 -0.520940 0.797513 -0.473296 0.654581 -0.407785 0.481871 -0.354186 0.255562 -0.324408 0.118586 -0.241031 -0.107723 -0.169565 -0.238744 -0.056411 -0.429320 0.032922 -0.566297 0.199676 -0.607985 0.265187 -0.441231 0.235409 -0.232789 0.152032 -0.083901 -0.008766 -0.030302 0.032922 0.035209 0.217543 0.112630 0.110344 0.285340 -0.008766 0.398494 -0.193387 0.416361 01000
-0.148622 1.000000 -0.148622 0.856413 -0.148622 0.672621 -0.183083 0.511804 -0.234774 0.328013 -0.263492 0.184425 -0.315183 0.029351 -0.372618 -0.165927 -0.372618 -0.321001 -0.303696 -0.453101 -0.119905 -0.458845 0.023683 -0.458845 0.173013 -0.355462 0.207474 -0.211875 0.109835 -0.125723 0.006452 -0.051057 0.161526 0.012121 0.213217 0.149965 0.167270 0.293552 0.023683 0.350986 01000
-0.292145 1.000000 -0.280954 0.826539 -0.275359 0.613909 -0.269763 0.446043 -0.258572 0.255795 -0.252977 0.065548 -0.252977 -0.158273 -0.236190 -0.342926 -0.157853 -0.505196 0.010013 -0.622702 0.155497 -0.600320 0.183474 -0.426859 0.161092 -0.236611 -0.001178 -0.141487 -0.040347 -0.063149 0.149901 0.020783 0.256216 0.127098 0.183474 0.300560 0.049182 0.434852 -0.107493 0.518785 01000
-0.493463 0.915661 -0.464583 0.694253 -0.426078 0.405460 -0.406825 0.155172 -0.406825 -0.075862 -0.387572 -0.335776 -0.368319 -0.537931 -0.368319 -0.826724 -0.223922 -1.000000 0.016739 -0.903736 0.151509 -0.730460 0.238147 -0.470546 0.267026 -0.268391 0.180388 -0.066236 0.026365 0.058908 0.161135 0.261063 0.305532 0.443966 0.238147 0.675000 0.035991 0.809770 -0.195043 0.886782 01000
-0.316601 1.000000 -0.316601 0.795036 -0.316601 0.660749 -0.316601 0.427514 -0.316601 0.250821 -0.309533 0.067060 -0.302465 -0.130836 -0.274194 -0.321665 -0.210585 -0.470087 -0.069230 -0.519561 0.093327 -0.434749 0.192276 -0.335801 0.072124 -0.222717 -0.040959 -0.159107 0.128666 -0.067227 0.220546 0.074128 0.220546 0.264956 0.156937 0.413379 -0.005621 0.498191 -0.161111 0.597140 01000
-0.431006 0.989738 -0.441268 0.784497 -0.441268 0.517684 -0.441268 0.281657 -0.441268 0.076417 -0.420744 -0.200658 -0.359171 -0.436685 -0.287337 -0.652188 -0.143669 -0.836905 0.020524 -0.970311 0.194979 -0.816381 0.287337 -0.580354 0.246289 -0.354589 0.174455 -0.139086 0.041048 0.004582 -0.030786 0.168775 0.143669 0.230347 0.277075 0.404802 0.102620 0.517684 -0.082096 0.620305 01000
-0.419319 1.000000 -0.419319 0.770234 -0.419319 0.520488 -0.419319 0.240772 -0.419319 0.050965 -0.399340 -0.198781 -0.359380 -0.438537 -0.279462 -0.668303 -0.129614 -0.878090 0.090163 -0.967999 0.269980 -0.798171 0.369878 -0.588385 0.429817 -0.338639 0.429817 -0.118862 0.309939 0.080935 0.080173 0.140874 -0.009736 0.270742 0.110142 0.450559 -0.009736 0.650356 -0.199543 0.780224 01000
-0.211344 1.000000 -0.211344 0.789561 -0.211344 0.579122 -0.211344 0.415447 -0.211344 0.251773 -0.211344 0.025745 -0.211344 -0.169105 -0.156786 -0.309398 -0.086640 -0.504249 0.038065 -0.660130 0.186152 -0.566601 0.232916 -0.387338 0.186152 -0.200282 0.069241 -0.083371 -0.110022 -0.044401 -0.078845 0.033539 0.077035 0.127068 0.131594 0.290743 -0.008699 0.423241 -0.133404 0.555740 01000
-0.425578 1.000000 -0.373715 0.775260 -0.339140 0.611027 -0.304564 0.369000 -0.295920 0.196123 -0.287277 -0.097767 -0.269989 -0.270644 -0.209482 -0.460808 -0.097112 -0.676904 0.075765 -0.737411 0.222710 -0.625041 0.283217 -0.426233 0.179491 -0.262000 -0.010674 -0.166918 0.041189 0.005959 0.136271 0.178836 0.144915 0.386288 0.032545 0.585096 -0.097112 0.749329 -0.261345 0.844411 01000
-0.205346 1.000000 -0.205346 0.807470 -0.205346 0.657724 -0.205346 0.500848 -0.198215 0.379625 -0.191084 0.172833 -0.183953 0.044480 -0.183953 -0.133789 -0.176823 -0.255011 -0.119777 -0.440411 -0.034208 -0.540241 0.115538 -0.518849 0.186846 -0.383365 0.172584 -0.226488 0.087015 -0.098135 -0.034208 -0.055351 0.087015 0.008826 0.087015 0.172833 0.015708 0.294056 -0.062731 0.365364 01000
-0.186686 1.000000 -0.186686 0.846559 -0.186686 0.667545 -0.186686 0.534563 -0.186686 0.391352 -0.186686 0.258370 -0.186686 0.115159 -0.181571 -0.089428 -0.171342 -0.207066 -0.130425 -0.375851 -0.079278 -0.493489 0.058819 -0.544635 0.181571 -0.498603 0.212260 -0.365621 0.176457 -0.217296 0.094622 -0.109887 -0.012787 0.002636 0.012787 0.104930 0.043475 0.222568 -0.058819 0.294173 01000
-0.341257 1.000000 -0.341257 0.767046 -0.341257 0.619508 -0.341257 0.332198 -0.341257 0.145835 -0.341257 -0.001703 -0.333492 -0.219127 -0.271371 -0.444316 -0.170424 -0.607384 0.000409 -0.731626 0.171242 -0.615149 0.264423 -0.459846 0.326545 -0.250187 0.202302 -0.087119 0.031469 -0.009468 -0.069478 0.052653 0.093590 0.200191 0.210067 0.363259 0.132416 0.510796 -0.053947 0.627273 01000
-0.285405 1.000000 -0.285405 0.821854 -0.285405 0.616300 -0.292257 0.458709 -0.292257 0.246304 -0.292257 0.102416 -0.292257 -0.096286 -0.278553 -0.288136 -0.230591 -0.445727 -0.107259 -0.541652 0.064036 -0.541652 0.228479 -0.445727 0.324404 -0.288136 0.290145 -0.144248 0.125702 -0.082582 -0.059296 -0.062027 0.009222 0.027047 0.105147 0.157230 0.084591 0.321673 -0.031889 0.260007 01000
-0.341912 1.000000 -0.341912 0.833907 -0.341912 0.634595 -0.341912 0.468502 -0.341912 0.319018 -0.341912 0.161230 -0.316998 -0.029777 -0.267170 -0.162652 -0.200733 -0.287221 -0.067859 -0.445010 0.073320 -0.503142 0.214499 -0.411791 0.172976 -0.270612 0.056711 -0.187565 -0.026335 -0.129433 0.114844 -0.029777 0.181281 0.103097 0.156367 0.260886 0.015188 0.335628 -0.142601 0.352237 01000
-0.318747 1.000000 -0.318747 0.817548 -0.318747 0.594550 -0.318747 0.425613 -0.318747 0.243161 -0.311989 0.074223 -0.271444 -0.175804 -0.230899 -0.324469 -0.149809 -0.513678 -0.028174 -0.615041 0.174550 -0.615041 0.269155 -0.506921 0.242125 -0.324469 0.106975 -0.202834 -0.082234 -0.135259 0.019128 0.013406 0.127248 0.162071 0.154278 0.337766 -0.007902 0.391826 -0.163324 0.466158 01000
-0.254838 1.000000 -0.249864 0.855753 -0.249864 0.661765 -0.249864 0.537414 -0.249864 0.313582 -0.249864 0.149439 -0.234942 -0.004756 -0.215046 -0.158951 -0.190175 -0.273354 -0.130487 -0.437498 0.013760 -0.472316 0.138111 -0.352939 0.158007 -0.218640 0.053553 -0.099263 -0.105617 -0.074393 0.048579 -0.004756 0.172930 0.059906 0.212722 0.204154 0.098319 0.298660 -0.065824 0.323530 01000
-0.440861 1.000000 -0.395139 0.862834 -0.329822 0.693009 -0.271037 0.516653 -0.231847 0.366423 -0.199188 0.203131 -0.186125 0.052901 -0.179593 -0.110392 -0.133871 -0.280217 -0.035895 -0.417383 0.081676 -0.508827 0.225374 -0.508827 0.297223 -0.352065 0.212310 -0.221431 0.075144 -0.143050 -0.048958 -0.038543 0.049017 0.085560 0.107803 0.235789 0.009827 0.353360 -0.114276 0.444804 01000
-0.236967 1.000000 -0.236967 0.837359 -0.236967 0.674718 -0.236967 0.481582 -0.236967 0.369766 -0.236967 0.196960 -0.236967 0.024154 -0.226802 -0.219808 -0.216637 -0.341789 -0.114986 -0.473935 0.047655 -0.494265 0.179800 -0.433274 0.220461 -0.270633 0.128975 -0.158817 -0.013336 -0.097827 -0.053996 -0.016507 0.078150 0.085144 0.118810 0.237620 0.067985 0.379931 -0.074326 0.430756 01000
0.180774 -0.794752 0.200389 -0.510338 0.170967 -0.274960 0.082700 -0.000353 -0.034989 0.254639 -0.182099 0.499823 -0.378247 0.715586 -0.584202 0.901926 -0.750928 0.941156 -0.711698 0.656741 -0.613624 0.431172 -0.378247 0.264446 -0.162485 0.176180 0.092508 0.068298 0.357307 -0.049390 0.484803 -0.314190 0.396536 -0.588797 0.386729 -0.784944 0.651529 -0.745715 0.945750 -0.726100 00100
0.376795 -0.650944 0.185678 -0.576159 0.019490 -0.501375 -0.046985 -0.318568 -0.071913 -0.110833 -0.088532 0.055355 -0.130079 0.263090 -0.179935 0.462516 -0.321195 0.578848 -0.454146 0.504063 -0.379361 0.337875 -0.238101 0.213234 -0.063604 0.121831 0.077656 0.013808 0.268773 -0.152380 0.376795 -0.301949 0.451579 -0.459828 0.592839 -0.509684 0.783956 -0.559541 1.000000 -0.617706 00100
0.056824 -0.684900 0.076474 -0.478580 0.066649 -0.262436 0.007700 -0.075766 -0.070898 0.130554 -0.139671 0.327049 -0.247743 0.543193 -0.385289 0.690565 -0.562135 0.729864 -0.571960 0.533369 -0.493362 0.317224 -0.336166 0.199327 -0.139671 0.120729 0.046999 0.012657 0.204195 -0.124889 0.292618 -0.331209 0.371216 -0.508055 0.557886 -0.576828 0.764206 -0.635776 1.000000 -0.655426 00100
0.299401 -0.721947 0.238480 -0.468107 0.157251 -0.275189 0.045561 -0.061963 -0.106743 0.171570 -0.248894 0.364488 -0.360583 0.557407 -0.512887 0.730018 -0.736267 0.719865 -0.776881 0.496485 -0.685499 0.313720 -0.553502 0.090341 -0.319969 0.120802 -0.086436 0.120802 0.096329 0.009112 0.289248 -0.143192 0.431398 -0.356418 0.583702 -0.518875 0.796928 -0.620411 1.000000 -0.569643 00100
-0.159696 -0.987982 -0.027497 -0.759638 0.080665 -0.495241 0.128738 -0.242861 0.164792 0.069609 0.176810 0.334006 0.176810 0.610422 0.056629 0.874820 -0.171714 0.982982 -0.424094 0.970964 -0.592347 0.742621 -0.568311 0.490241 -0.376022 0.309970 -0.195750 0.153735 0.020575 -0.074608 0.188828 -0.302952 0.260936 -0.543313 0.333045 -0.807711 0.537352 -0.987982 0.801750 -1.000000 00100
-0.322674 -0.847959 -0.139909 -0.644887 0.012395 -0.411354 0.134239 -0.177820 0.235775 0.096328 0.266236 0.380629 0.185007 0.634470 0.002242 0.878157 -0.210984 1.000000 -0.474979 0.898464 -0.698358 0.736006 -0.556208 0.604009 -0.282060 0.492319 -0.068834 0.350168 0.053010 0.086174 0.124085 -0.198128 0.174853 -0.451968 0.245929 -0.715962 0.469308 -0.868267 0.723149 -0.858113 00100
0.216944 -1.000000 0.269113 -0.739158 0.269113 -0.387022 0.203902 -0.152264 0.073481 0.199873 -0.069982 0.460715 -0.265613 0.669388 -0.500371 0.838935 -0.787297 0.943272 -0.943802 0.773725 -0.943802 0.525925 -0.604708 0.434630 -0.304740 0.395504 -0.069982 0.343336 0.203902 0.199873 0.399533 -0.008801 0.529954 -0.308769 0.529954 -0.582653 0.686460 -0.765242 0.973386 -0.817411 00100
-0.118707 -0.601780 -0.032661 -0.403212 0.060004 -0.171549 0.099718 0.040256 0.053385 0.245443 -0.045898 0.470486 -0.165039 0.655816 -0.330512 0.847765 -0.515842 0.986762 -0.674696 0.861003 -0.674696 0.655816 -0.529080 0.477105 -0.330512 0.311632 -0.191515 0.139540 -0.092231 -0.032552 0.040148 -0.204644 0.179145 -0.436306 0.318142 -0.608398 0.523329 -0.621636 0.748372 -0.581923 00100
-0.221891 -0.595413 -0.068357 -0.381801 0.045124 -0.161514 0.171956 0.058773 0.258736 0.279060 0.232034 0.532724 0.118553 0.753011 -0.034980 0.919896 -0.268618 0.993325 -0.495581 0.926571 -0.635764 0.706284 -0.609062 0.485997 -0.428827 0.292411 -0.228566 0.172254 -0.021630 0.025396 0.118553 -0.154839 0.205333 -0.395152 0.245385 -0.648816 0.385568 -0.835726 0.619206 -0.835726 00100
-0.216585 -0.610463 -0.150562 -0.425598 -0.091141 -0.247336 -0.031720 -0.055869 -0.025118 0.148803 -0.031720 0.346873 -0.130755 0.525135 -0.262801 0.657182 -0.315620 0.525135 -0.157164 0.406294 -0.084538 0.261043 -0.091141 0.056371 -0.077936 -0.128494 0.001292 -0.300154 0.100327 -0.465212 0.232373 -0.610463 0.410635 -0.755714 0.582296 -0.861351 0.753956 -0.947181 0.899207 -0.973591 00100
0.214606 -0.857405 0.120359 -0.574663 0.078471 -0.354753 -0.015776 -0.051068 -0.099551 0.179315 -0.214742 0.472528 -0.382293 0.671495 -0.644091 0.734326 -0.853529 0.577247 -0.811642 0.367809 -0.507956 0.325921 -0.267102 0.315449 0.026112 0.263090 0.204134 0.116483 0.308854 -0.124371 0.350741 -0.417585 0.413573 -0.700326 0.654427 -0.763158 0.884809 -0.668911 1.000000 -0.449000 00100
0.086014 -0.763253 -0.034511 -0.612596 -0.034511 -0.401676 -0.084730 -0.160625 -0.124906 0.040251 -0.195212 0.231083 -0.285606 0.452047 -0.426220 0.622791 -0.566833 0.753361 -0.697402 0.662966 -0.546745 0.532397 -0.305694 0.401828 -0.195212 0.351609 0.065927 0.190908 0.196496 0.120601 0.447591 -0.060187 0.548029 -0.200800 0.668555 -0.391633 0.819212 -0.562377 1.000000 -0.492071 00100
0.081679 -0.848432 0.227775 -0.608416 0.279953 -0.368400 0.279953 -0.065772 0.206904 0.174244 0.071243 0.456002 -0.064418 0.675147 -0.220950 0.862985 -0.492272 0.925598 -0.742723 0.915162 -0.742723 0.643840 -0.617498 0.424695 -0.408788 0.247292 -0.189644 0.080325 -0.012241 -0.107514 0.154727 -0.274481 0.342565 -0.493626 0.509533 -0.702335 0.728678 -0.827561 1.000000 -0.827561 00100
-0.125964 -0.684206 0.132069 -0.637291 0.190713 -0.379258 0.178985 -0.121224 0.085154 0.101623 -0.067320 0.383114 -0.219794 0.605961 -0.372269 0.852265 -0.571658 0.993011 -0.782776 0.863994 -0.864878 0.605961 -0.653760 0.476944 -0.372269 0.336199 -0.137693 0.218911 0.096883 0.113352 0.308001 -0.062580 0.390103 -0.308885 0.530848 -0.531732 0.706780 -0.672478 1.000000 -0.672478 00100
0.432015 -0.560022 0.293659 -0.421667 0.148022 -0.246902 0.031512 -0.101265 -0.106843 0.051654 -0.245199 0.211855 -0.390836 0.350211 -0.529191 0.503130 -0.674829 0.539539 -0.754929 0.357493 -0.623856 0.175446 -0.478218 0.109909 -0.252481 0.117191 -0.048588 0.066218 0.118895 -0.013882 0.344632 -0.115828 0.475706 -0.225056 0.635907 -0.363412 0.825235 -0.407103 1.000000 -0.305157 00100
-0.051611 -0.717603 0.015020 -0.495499 0.074248 -0.258589 0.111265 0.000533 0.111265 0.237443 0.111265 0.503968 0.059441 0.770493 -0.036804 0.992597 -0.244101 0.859334 -0.443995 0.718668 -0.592064 0.540985 -0.540240 0.304075 -0.310732 0.215233 -0.073822 0.133795 0.103862 -0.014274 0.214913 -0.251185 0.251931 -0.488096 0.288948 -0.747217 0.392597 -0.873076 0.636911 -0.821252 00100
-0.197539 -0.611427 -0.051685 -0.434867 0.040434 -0.242953 0.147905 0.002696 0.170935 0.256021 0.086493 0.447934 -0.059361 0.609142 -0.289657 0.731966 -0.466217 0.739643 -0.542983 0.547729 -0.612071 0.286727 -0.427835 0.140873 -0.220568 0.064108 0.002051 -0.028011 0.178611 -0.143159 0.270730 -0.350425 0.309112 -0.596074 0.547085 -0.580721 0.746674 -0.557691 1.000000 -0.557691 00100
-0.347023 -0.695535 -0.289528 -0.481983 -0.166324 -0.284857 -0.043121 -0.038451 0.022587 0.175102 -0.002053 0.405081 -0.125257 0.602206 -0.289528 0.799332 -0.404517 0.848613 -0.330595 0.635061 -0.182752 0.470790 -0.108830 0.257237 -0.108830 0.019044 -0.108830 -0.227362 -0.075975 -0.457342 0.088296 -0.613399 0.293634 -0.711962 0.523614 -0.695535 0.770021 -0.687321 1.000000 -0.711962 00100
-0.264373 -0.796790 -0.087809 -0.651385 0.047209 -0.422891 0.140684 -0.194398 0.223773 0.117184 0.213386 0.345678 0.088754 0.626102 -0.015107 0.792279 -0.222828 0.979228 -0.440936 0.875367 -0.565569 0.688418 -0.648657 0.439152 -0.451322 0.283361 -0.222828 0.127570 -0.046265 -0.017835 0.088754 -0.235942 0.119912 -0.495594 0.306861 -0.630613 0.545741 -0.630613 0.836551 -0.620227 00100
-0.320750 -0.711800 -0.195814 -0.506549 -0.070878 -0.301297 0.018362 -0.078197 0.054058 0.162750 0.054058 0.430470 -0.053030 0.662494 -0.258282 0.733885 -0.499230 0.689266 -0.722329 0.564330 -0.784797 0.350154 -0.543850 0.234142 -0.329674 0.162750 -0.097650 0.091359 0.116525 -0.015729 0.241461 -0.229905 0.330701 -0.453005 0.518105 -0.515473 0.767976 -0.470853 1.000000 -0.390537 00100
0.073569 -0.043675 -0.111717 -0.000078 -0.231608 0.119813 -0.395095 0.250603 -0.493188 0.403192 -0.536785 0.588478 -0.384196 0.708369 -0.198910 0.675671 -0.046322 0.599377 0.029973 0.403192 0.029973 0.228805 0.051771 0.010821 0.062670 -0.185364 0.117166 -0.348852 0.193460 -0.523239 0.291553 -0.697626 0.455041 -0.795718 0.618529 -0.850214 0.803815 -0.904710 1.000000 -0.981004 00010
0.033863 0.448495 -0.129348 0.397492 -0.323161 0.438294 -0.445569 0.550502 -0.496572 0.744314 -0.425167 0.887124 -0.231355 0.856522 -0.088545 0.754515 -0.006940 0.540301 0.023662 0.387291 0.054264 0.183278 0.125669 0.050669 0.217475 -0.132943 0.258278 -0.326756 0.135870 -0.469565 0.084866 -0.642977 0.166472 -0.816388 0.319482 -0.877592 0.523495 -0.938796 0.686706 -1.000000 00010
0.196543 -0.165236 -0.017322 -0.144539 -0.238086 -0.047955 -0.417457 0.069326 -0.589929 0.262495 -0.686513 0.462562 -0.734806 0.676428 -0.672716 0.890293 -0.438154 0.890293 -0.244985 0.793709 -0.058715 0.655731 0.065464 0.476360 0.148251 0.262495 0.217240 0.062427 0.196543 -0.165236 0.182745 -0.399798 0.244835 -0.613663 0.348318 -0.786135 0.548386 -0.917213 0.748453 -1.000000 00010
0.178005 0.173015 -0.020719 0.173015 -0.156212 0.173015 -0.336871 0.191081 -0.472364 0.299476 -0.553661 0.453035 -0.409134 0.489167 -0.255575 0.444002 -0.083949 0.380772 0.006380 0.272377 0.033479 0.109785 0.069610 -0.052808 0.114775 -0.215400 0.159939 -0.405091 0.196071 -0.558651 0.322532 -0.676079 0.476091 -0.730276 0.638684 -0.775441 0.801276 -0.793506 1.000000 -0.802539 00010
0.012090 0.235627 -0.185492 0.173233 -0.351877 0.266824 -0.466266 0.422810 -0.487065 0.641190 -0.424670 0.817974 -0.268684 0.807575 -0.060703 0.703585 -0.019107 0.495604 -0.060703 0.329219 0.022489 0.110839 0.095282 -0.034748 0.116080 -0.263527 0.105681 -0.471508 0.157677 -0.679489 0.230470 -0.856273 0.376057 -0.939466 0.615235 -0.939466 0.823216 -0.949865 1.000000 -0.970663 00010
0.116804 0.160701 -0.089373 0.137793 -0.333731 0.137793 -0.517000 0.153065 -0.715541 0.298153 -0.807175 0.481421 -0.807175 0.679962 -0.585726 0.733416 -0.379549 0.733416 -0.181008 0.695235 -0.035920 0.519602 0.048078 0.336334 0.093895 0.122520 0.154985 -0.076021 0.216074 -0.282198 0.307709 -0.488375 0.445160 -0.679280 0.574975 -0.839640 0.712427 -0.984728 0.926240 -0.992364 00010
0.150092 0.186296 -0.003193 0.192961 -0.129821 0.286265 -0.216460 0.386233 -0.309764 0.519525 -0.336423 0.652817 -0.183137 0.659481 -0.036516 0.626158 0.023465 0.506196 0.050123 0.352911 0.063452 0.199625 0.063452 0.046340 0.050123 -0.106946 0.003471 -0.260231 -0.016523 -0.413517 -0.016523 -0.566802 0.030129 -0.700094 0.123434 -0.826721 0.236732 -0.913360 0.363359 -1.000000 00010
0.170515 -0.013645 -0.033018 0.025496 -0.220896 0.056809 -0.408773 0.150748 -0.549681 0.268171 -0.690589 0.440392 -0.667104 0.604784 -0.471399 0.667410 -0.252209 0.651754 -0.087816 0.573472 0.060920 0.448220 0.107889 0.252515 0.139202 0.064637 0.139202 -0.146724 0.139202 -0.350258 0.186172 -0.538135 0.287938 -0.702528 0.428846 -0.882577 0.608895 -0.976515 0.781116 -0.984344 00010
-0.001692 0.161374 -0.188053 0.161374 -0.333648 0.196317 -0.508362 0.295321 -0.624838 0.405973 -0.700547 0.557392 -0.572424 0.627277 -0.397710 0.586511 -0.281234 0.475859 -0.199701 0.324440 -0.123992 0.161374 -0.071578 0.009956 -0.001692 -0.153111 0.079841 -0.310353 0.184669 -0.444300 0.347735 -0.520009 0.499154 -0.578247 0.662220 -0.613190 0.848581 -0.665604 1.000000 -0.706371 00010
-0.012766 0.310740 -0.245191 0.310740 -0.413499 0.374857 -0.589821 0.527135 -0.718056 0.703458 -0.782173 0.903824 -0.637909 1.000000 -0.437543 0.951912 -0.229162 0.855736 -0.044825 0.735516 0.091424 0.591253 0.179586 0.382872 0.227673 0.182505 0.299805 -0.017861 0.339879 -0.242272 0.291791 -0.426609 0.203629 -0.643004 0.243703 -0.819327 0.452084 -0.867415 0.636421 -0.915503 00010
0.057147 0.213751 -0.155949 0.184358 -0.420481 0.206403 -0.582140 0.316625 -0.729102 0.537068 -0.817280 0.750164 -0.773191 0.955911 -0.538051 1.000000 -0.339652 0.926519 -0.126556 0.779556 0.027754 0.595853 0.108584 0.397454 0.167369 0.162314 0.182065 -0.094870 0.123280 -0.307966 0.071843 -0.528410 0.218806 -0.697416 0.439249 -0.829683 0.637649 -0.925208 0.828700 -0.983993 00010
0.091525 0.269306 -0.076471 0.269306 -0.244468 0.269306 -0.356465 0.399970 -0.412464 0.530634 -0.412464 0.642631 -0.244468 0.623965 -0.095138 0.567966 0.016860 0.493301 0.072859 0.362637 0.072859 0.194641 0.110191 0.045311 0.128857 -0.122686 0.128857 -0.272016 0.147524 -0.440012 0.147524 -0.608008 0.166190 -0.776005 0.203523 -0.925335 0.352853 -0.944001 0.502183 -1.000000 00010
-0.062550 0.232636 -0.253953 0.240292 -0.422388 0.339822 -0.552542 0.477632 -0.659728 0.661379 -0.667384 0.845126 -0.475981 0.898719 -0.284578 0.829814 -0.108487 0.745596 0.021667 0.607786 0.067604 0.431695 0.075260 0.217324 0.075260 0.025921 0.075260 -0.173139 0.098229 -0.372198 0.167134 -0.532976 0.274319 -0.716723 0.412130 -0.854534 0.572908 -0.938751 0.756655 -1.000000 00010
0.095405 0.248879 -0.054109 0.257674 -0.177238 0.328033 -0.282777 0.451162 -0.300367 0.591881 -0.186033 0.653445 -0.045314 0.618265 0.086610 0.512726 0.112994 0.380803 0.086610 0.213699 0.069020 0.064185 0.007455 -0.058943 -0.045314 -0.190867 -0.054109 -0.349176 -0.054109 -0.498689 -0.001340 -0.656998 0.095405 -0.771332 0.218533 -0.868076 0.341662 -0.938436 0.482381 -1.000000 00010
-0.014568 0.309693 -0.194365 0.232637 -0.354897 0.194109 -0.534694 0.258322 -0.650278 0.373906 -0.746598 0.534439 -0.624593 0.592231 -0.451217 0.566545 -0.290684 0.483068 -0.194365 0.335378 -0.110887 0.181266 -0.046674 0.020733 0.011118 -0.159063 0.049645 -0.332439 0.145965 -0.480129 0.306498 -0.563606 0.473452 -0.602134 0.653249 -0.576449 0.826624 -0.512236 1.000000 -0.505814 00010
0.206739 0.272834 0.032754 0.291148 -0.196173 0.355248 -0.351843 0.446819 -0.425100 0.611646 -0.480042 0.794788 -0.333529 0.886358 -0.150387 0.831416 0.032754 0.758159 0.170110 0.639117 0.225053 0.455976 0.252524 0.272834 0.261681 0.089692 0.243367 -0.102606 0.151796 -0.276591 0.060225 -0.450575 -0.013031 -0.597089 -0.003874 -0.798544 0.106011 -0.935900 0.279995 -1.000000 00010
0.139108 0.143461 -0.080437 0.106870 -0.309129 0.143461 -0.501230 0.225790 -0.665889 0.335562 -0.739070 0.527664 -0.656741 0.710618 -0.455492 0.765504 -0.235947 0.738061 -0.062141 0.628288 0.047631 0.445335 0.065926 0.225790 0.065926 0.024541 0.111665 -0.204151 0.157403 -0.396253 0.221437 -0.606649 0.322062 -0.798751 0.477572 -0.917671 0.697117 -0.972557 0.907514 -1.000000 00010
0.131453 0.214642 -0.053050 0.160829 -0.229865 0.153141 -0.383617 0.222330 -0.491243 0.345331 -0.606557 0.491396 -0.652683 0.652836 -0.468180 0.622085 -0.314428 0.552897 -0.183739 0.437583 -0.045362 0.306893 0.085327 0.199267 0.200641 0.053202 0.277518 -0.092862 0.331331 -0.254302 0.369769 -0.438805 0.400519 -0.623307 0.462020 -0.807810 0.538896 -0.961562 0.692648 -0.984625 00010
-0.072437 0.248595 -0.306045 0.240540 -0.507431 0.321094 -0.644374 0.466092 -0.749095 0.667478 -0.789372 0.852754 -0.612152 0.941364 -0.402710 0.909142 -0.225490 0.772199 -0.064381 0.603035 0.024229 0.417759 0.040340 0.224429 0.040340 0.006931 0.040340 -0.202510 0.080617 -0.436118 0.177282 -0.597227 0.330336 -0.782503 0.491445 -0.895279 0.700887 -0.983889 0.918384 -1.000000 00010
0.159512 0.330808 -0.012205 0.287879 -0.226852 0.287879 -0.498737 0.316498 -0.627525 0.430976 -0.713384 0.602694 -0.713384 0.817340 -0.484428 0.831650 -0.298401 0.774411 -0.098064 0.659933 0.030724 0.502525 0.116582 0.330808 0.188131 0.116162 0.202441 -0.084175 0.188131 -0.298822 0.188131 -0.513468 0.259680 -0.699495 0.388468 -0.842593 0.588805 -0.928451 0.789141 -1.000000 00010
0.625023 -0.782178 0.491359 -0.782178 0.339874 -0.728713 0.224032 -0.657426 0.117102 -0.577228 0.019082 -0.488119 -0.052205 -0.372277 -0.096760 -0.220792 -0.096760 -0.069307 0.001260 -0.033663 -0.061116 -0.024752 -0.168047 0.073267 -0.239334 0.171287 -0.310621 0.331683 -0.337354 0.465347 -0.346265 0.599010 -0.328443 0.759406 -0.274977 0.857426 -0.176958 0.964356 -0.034383 1.000000 00001
0.755346 -0.971226 0.525157 -1.000000 0.333333 -1.000000 0.160692 -0.952044 -0.021541 -0.875314 -0.165409 -0.760220 -0.251730 -0.606761 -0.318868 -0.414937 -0.318868 -0.232704 -0.136635 -0.127201 0.045597 -0.117610 0.103145 -0.098428 -0.079088 -0.060063 -0.213365 0.064623 -0.261321 0.256447 -0.222956 0.467453 -0.146226 0.620912 0.007233 0.707233 0.218239 0.707233 0.381289 0.697642 00001
0.620716 -0.750494 0.452547 -0.750494 0.230868 -0.742850 0.077987 -0.674053 -0.029030 -0.528816 -0.097827 -0.368290 -0.120759 -0.161900 0.001546 -0.047239 0.200292 -0.039595 0.192648 -0.047239 0.024478 -0.031951 -0.174268 0.021558 -0.327149 0.097999 -0.426522 0.220304 -0.472387 0.403762 -0.441811 0.617796 -0.342438 0.740101 -0.151336 0.885339 -0.029030 0.954136 0.162072 1.000000 00001
0.473059 -0.808239 0.312650 -0.800948 0.159533 -0.764491 0.101203 -0.633248 0.123077 -0.487423 0.268903 -0.480131 0.239738 -0.399927 0.101203 -0.297849 -0.051914 -0.173897 -0.146701 -0.093693 -0.285235 0.044841 -0.336274 0.125046 -0.438352 0.270871 -0.489391 0.402114 -0.503974 0.598979 -0.496682 0.737514 -0.423770 0.876048 -0.292526 1.000000 -0.139409 1.000000 0.013708 0.956252 00001
0.451381 -0.875382 0.316218 -0.875382 0.158529 -0.847223 0.034629 -0.790905 -0.027320 -0.667006 -0.072374 -0.531844 -0.094901 -0.413576 -0.094901 -0.261518 -0.094901 -0.126356 -0.094901 0.048230 -0.049847 0.155233 0.057157 0.239710 0.040261 0.284764 -0.106165 0.352346 -0.207537 0.425559 -0.241328 0.549458 -0.207537 0.678989 -0.117429 0.847942 -0.038584 0.938050 0.074052 1.000000 00001
0.669911 -1.000000 0.488448 -0.974077 0.367473 -0.930871 0.194652 -0.853102 0.065035 -0.758050 -0.047299 -0.637075 -0.150991 -0.490176 -0.202838 -0.325996 -0.159633 -0.205021 0.004548 -0.205021 0.082318 -0.187739 -0.030016 -0.101328 -0.168274 0.036929 -0.280608 0.166545 -0.315172 0.348008 -0.306531 0.468983 -0.194197 0.624522 -0.064581 0.762780 0.056394 0.849190 0.177369 0.875114 00001
0.510750 -0.652289 0.378036 -0.645654 0.212143 -0.619111 0.086065 -0.572661 -0.006835 -0.473125 -0.026742 -0.333776 0.032979 -0.214333 0.152422 -0.114798 0.271865 -0.055076 0.119244 0.024552 0.006437 0.097545 -0.126277 0.170537 -0.239084 0.250166 -0.331984 0.316523 -0.431520 0.435965 -0.444791 0.595222 -0.371798 0.734572 -0.305441 0.814200 -0.179363 0.913736 -0.079827 1.000000 00001
0.236766 -1.000000 0.081799 -0.961258 -0.092539 -0.845033 -0.189394 -0.728807 -0.266878 -0.554469 -0.295934 -0.360759 -0.237821 -0.225163 -0.063483 -0.215478 0.052743 -0.215478 -0.024741 -0.041139 -0.102225 0.133199 -0.140967 0.288166 -0.160338 0.433448 -0.160338 0.636843 -0.073168 0.791811 0.052743 0.888665 0.236766 0.927407 0.440161 0.908036 0.604814 0.840238 0.750096 0.830552 00001
0.003151 -1.000000 -0.181723 -0.988445 -0.262605 -0.872899 -0.262605 -0.676471 -0.262605 -0.456933 -0.216387 -0.283613 -0.019958 -0.248950 0.199580 -0.202731 0.268908 -0.168067 0.107143 -0.098739 -0.089286 -0.029412 -0.251050 0.074580 -0.331933 0.236345 -0.366597 0.409664 -0.239496 0.548319 -0.019958 0.640756 0.107143 0.675420 0.338235 0.733193 0.500000 0.790966 0.627101 0.906513 00001
0.532417 -0.729147 0.339216 -0.719487 0.126695 -0.709827 -0.066506 -0.671187 -0.153446 -0.526286 -0.182426 -0.323426 -0.143786 -0.139885 0.001115 -0.062604 0.213636 -0.062604 0.406836 -0.062604 0.281256 0.005016 0.088055 0.072636 -0.085826 0.198217 -0.201746 0.372097 -0.269367 0.526658 -0.279027 0.768159 -0.211406 0.942040 -0.037526 1.000000 0.165335 0.971020 0.348876 0.922720 00001
0.680694 -1.000000 0.427430 -0.990259 0.300799 -0.970777 0.067017 -0.931814 -0.157023 -0.853887 -0.205728 -0.698032 -0.244691 -0.464251 -0.205728 -0.279174 -0.010910 -0.181765 0.174167 -0.133061 0.164426 -0.035652 -0.069355 0.032535 -0.234950 0.110462 -0.361582 0.246834 -0.361582 0.451393 -0.234950 0.646211 -0.088837 0.743620 0.135204 0.841029 0.320281 0.889733 0.495617 0.977401 00001
0.718731 -0.677394 0.550992 -0.677394 0.278415 -0.666910 0.121160 -0.635459 -0.067547 -0.551589 -0.172384 -0.415301 -0.203835 -0.226594 -0.036096 -0.174176 0.163095 -0.174176 0.110676 -0.174176 -0.088514 -0.163692 -0.298189 -0.132241 -0.371575 0.004048 -0.319156 0.203238 -0.256254 0.360494 -0.161900 0.549200 -0.057063 0.685489 0.068741 0.863712 0.246964 0.968549 0.435671 0.989516 00001
0.738368 -0.736963 0.555071 -0.736963 0.397958 -0.719506 0.258303 -0.675864 0.083734 -0.588579 -0.038464 -0.475109 -0.090835 -0.317997 -0.064650 -0.169613 0.101191 -0.152156 0.013906 -0.143428 -0.143206 -0.108514 -0.239219 0.048598 -0.265404 0.179525 -0.282861 0.371551 -0.291590 0.511206 -0.291590 0.738146 -0.213034 0.869073 -0.064650 0.938901 0.083734 0.982543 0.258303 1.000000 00001
0.385831 -1.000000 0.239472 -0.970728 0.122385 -0.890231 0.012616 -0.780462 -0.031292 -0.626785 -0.002020 -0.473108 0.137021 -0.414564 0.027252 -0.385292 -0.104472 -0.319431 -0.206923 -0.216979 -0.258149 -0.041349 -0.258149 0.112328 -0.258149 0.266005 -0.258149 0.427000 -0.243513 0.580677 -0.192287 0.719718 -0.082518 0.822169 0.071159 0.880713 0.210200 0.909985 0.363877 0.917303 00001
0.306700 -1.000000 0.093582 -0.917503 -0.133285 -0.821256 -0.305154 -0.683760 -0.415151 -0.525641 -0.435775 -0.298773 -0.236407 -0.236900 -0.016414 -0.188777 0.196704 -0.181902 0.416697 -0.181902 0.437321 -0.147528 0.176080 -0.113154 -0.016414 -0.092530 -0.202033 0.024341 -0.222657 0.237459 -0.202033 0.457452 -0.064537 0.574323 0.155455 0.581198 0.396072 0.581198 0.602316 0.594948 00001
0.215276 -1.000000 0.041499 -0.978278 -0.110555 -0.869668 -0.240887 -0.703132 -0.371219 -0.558319 -0.436385 -0.384542 -0.400182 -0.196284 -0.211924 -0.167322 -0.023667 -0.167322 0.179072 -0.196284 0.099425 -0.102156 -0.001945 0.049899 -0.067111 0.216434 -0.096073 0.426414 -0.110555 0.607431 0.063221 0.672597 0.251479 0.672597 0.461459 0.585709 0.620754 0.535024 0.772808 0.440895 00001
0.924193 -0.885448 0.686277 -0.938318 0.421926 -0.991188 0.201633 -1.000000 -0.001037 -0.964753 -0.036284 -0.709213 -0.036284 -0.471297 0.078269 -0.251004 0.087080 -0.224569 -0.150836 -0.171699 -0.397564 -0.101205 -0.617857 -0.013088 -0.661915 0.189581 -0.635480 0.471556 -0.538551 0.691849 -0.388752 0.850460 -0.177271 0.920954 0.087080 0.920954 0.324997 0.920954 0.554101 0.859272 00001
0.533534 -0.993399 0.328897 -1.000000 0.150665 -0.966994 -0.034168 -0.828369 -0.133185 -0.683143 -0.212400 -0.498310 -0.258608 -0.300275 -0.238804 -0.115441 -0.100180 0.016582 0.084654 -0.029626 0.262886 -0.095638 0.236481 -0.082436 0.031844 0.042987 -0.113382 0.142005 -0.232203 0.267427 -0.364227 0.478665 -0.370828 0.643695 -0.212400 0.769117 -0.014364 0.769117 0.170469 0.736111 00001
0.726933 -0.982619 0.535737 -1.000000 0.335851 -0.947856 0.205491 -0.817495 0.066439 -0.626300 -0.037849 -0.461176 -0.011777 -0.243908 0.135965 -0.130929 0.162037 -0.078785 -0.072612 -0.078785 -0.220354 -0.070094 -0.463694 -0.000569 -0.559292 0.129792 -0.567982 0.320988 -0.498457 0.564327 -0.394168 0.712070 -0.237736 0.825049 -0.011777 0.859812 0.196800 0.859812 0.309779 0.920647 00001
0.487385 -1.000000 0.326801 -0.985401 0.210013 -0.905109 0.115122 -0.795620 0.049429 -0.664234 0.027531 -0.503650 0.064027 -0.386861 0.151619 -0.350365 0.034830 -0.321168 -0.140352 -0.255474 -0.235243 -0.189781 -0.359330 -0.058394 -0.403126 0.080292 -0.403126 0.233577 -0.352031 0.357664 -0.279038 0.496350 -0.184148 0.620438 -0.081958 0.744526 0.049429 0.766423 0.173516 0.795620 00001
